1261;354;108755;1;8.8;9.9;;2020-07-12 13:22:22
1262;354;115770;1;8.8;9.9;;2020-07-12 13:22:22
1263;354;100678;1;8.8;9.9;;2020-07-12 13:22:22
1264;354;114350;1;8.8;9.9;;2020-07-12 13:22:22
1265;354;103021;1;8.8;9.9;;2020-07-12 13:22:22
1266;354;115600;2;8.8;9.9;;2020-07-12 13:22:22
1267;354;113373;2;8.8;9.9;;2020-07-12 13:22:22
1268;355;110816;2;8.8;9.9;;2020-07-12 13:22:22
1269;355;106180;2;8.8;9.9;;2020-07-12 13:22:22
1270;355;105502;2;8.8;9.9;;2020-07-12 13:22:22
1271;355;111470;2;8.8;9.9;;2020-07-12 13:22:22
1272;355;108928;2;8.8;9.9;;2020-07-12 13:22:22
1273;356;105954;1;8.8;9.9;;2020-07-12 13:22:22
1274;356;114200;1;8.8;9.9;;2020-07-12 13:22:22
1275;356;108214;1;8.8;9.9;;2020-07-12 13:22:22
1276;356;105150;2;8.8;9.9;;2020-07-12 13:22:22
1277;356;114624;1;8.8;9.9;;2020-07-12 13:22:22
1278;356;107260;1;8.8;9.9;;2020-07-12 13:22:22
1279;357;115022;2;8.8;9.9;;2020-07-12 13:22:22
1280;357;108960;1;8.8;9.9;;2020-07-12 13:22:22
1281;358;109905;1;8.8;9.9;;2020-07-12 13:22:22
1282;358;110570;2;8.8;9.9;;2020-07-12 13:22:22